
0.000000 383.000000 886.000000 915.000000 386.000000 
0.000000 0.000000 777.000000 793.000000 492.000000 
0.000000 0.000000 0.000000 335.000000 649.000000 
0.000000 0.000000 0.000000 0.000000 421.000000 
0.000000 0.000000 0.000000 0.000000 0.000000 
383.000000 886.000000 777.000000 915.000000 793.000000 
886.000000 335.000000 386.000000 492.000000 649.000000 
777.000000 386.000000 421.000000 362.000000 27.000000 
915.000000 492.000000 362.000000 690.000000 59.000000 
793.000000 649.000000 27.000000 59.000000 763.000000 
0.000000 0.000000 0.000000 0.000000 0.000000 
926.000000 0.000000 0.000000 0.000000 0.000000 
540.000000 426.000000 0.000000 0.000000 0.000000 
172.000000 736.000000 211.000000 0.000000 0.000000 
368.000000 567.000000 429.000000 782.000000 0.000000 
0.000000 926.000000 540.000000 172.000000 368.000000 
0.000000 0.000000 426.000000 736.000000 567.000000 
0.000000 0.000000 0.000000 211.000000 429.000000 
0.000000 0.000000 0.000000 0.000000 782.000000 
0.000000 0.000000 0.000000 0.000000 0.000000 
530.000000 862.000000 123.000000 67.000000 135.000000 
862.000000 929.000000 802.000000 22.000000 58.000000 
123.000000 802.000000 69.000000 167.000000 393.000000 
67.000000 22.000000 167.000000 456.000000 11.000000 
135.000000 58.000000 393.000000 11.000000 42.000000 
0.000000 0.000000 0.000000 0.000000 0.000000 
229.000000 0.000000 0.000000 0.000000 0.000000 
373.000000 421.000000 0.000000 0.000000 0.000000 
919.000000 784.000000 537.000000 0.000000 0.000000 
198.000000 324.000000 315.000000 370.000000 0.000000 
0.000000 229.000000 373.000000 919.000000 198.000000 
0.000000 0.000000 421.000000 784.000000 324.000000 
0.000000 0.000000 0.000000 537.000000 315.000000 
0.000000 0.000000 0.000000 0.000000 370.000000 
0.000000 0.000000 0.000000 0.000000 0.000000 
413.000000 526.000000 91.000000 980.000000 956.000000 
526.000000 873.000000 862.000000 170.000000 996.000000 
91.000000 862.000000 281.000000 305.000000 925.000000 
980.000000 170.000000 305.000000 84.000000 327.000000 
956.000000 996.000000 925.000000 327.000000 336.000000 
0.000000 0.000000 0.000000 0.000000 0.000000 
505.000000 0.000000 0.000000 0.000000 0.000000 
846.000000 729.000000 0.000000 0.000000 0.000000 
313.000000 857.000000 124.000000 0.000000 0.000000 
895.000000 582.000000 545.000000 814.000000 0.000000 
0.000000 505.000000 846.000000 313.000000 895.000000 
0.000000 0.000000 729.000000 857.000000 582.000000 
0.000000 0.000000 0.000000 124.000000 545.000000 
0.000000 0.000000 0.000000 0.000000 814.000000 
0.000000 0.000000 0.000000 0.000000 0.000000 
367.000000 434.000000 364.000000 43.000000 750.000000 
434.000000 87.000000 808.000000 276.000000 178.000000 
364.000000 808.000000 788.000000 584.000000 403.000000 
43.000000 276.000000 584.000000 651.000000 754.000000 
750.000000 178.000000 403.000000 754.000000 399.000000 
0.000000 0.000000 0.000000 0.000000 0.000000 
383.000000 0.000000 0.000000 0.000000 0.000000 
886.000000 777.000000 0.000000 0.000000 0.000000 
915.000000 793.000000 335.000000 0.000000 0.000000 
386.000000 492.000000 649.000000 421.000000 0.000000 